1.356031	-1.049683
-3.300234	-12.025764
3.735740	-13.198029
4.180248	-15.626884
-2.445116	-6.465138
4.782711	-21.288928
-0.386573	-0.524285
-0.146032	0.222225
0.620047	-0.313317
-1.659413	-2.854090
2.406078	-5.973788
-2.420782	-6.459239
2.455886	-6.548721
-2.739076	-8.139986
-0.590641	-0.382074
4.567926	-17.916719
4.278593	-19.195616
1.082650	-0.904701
1.404171	-2.887652
-4.727169	-23.987345
-4.137703	-17.211859
1.590168	-2.775245
1.313869	-0.632420
1.119353	-0.293067
-4.373369	-19.543221
-2.290613	-5.204016
-2.659126	-6.586874
-4.540633	-22.348822
3.387146	-13.031592
-2.775410	-9.188963
-1.716753	-3.097232
4.398661	-19.322347
2.519639	-4.591652
0.144611	-0.672039
4.285079	-18.616096
3.322894	-10.710938
1.883420	-4.082138
-3.362548	-11.121115
4.149076	-15.865099
-3.481876	-14.025408
-0.828126	1.297850
-2.858446	-8.428585
-4.757289	-23.757603
4.534692	-17.940643
2.815425	-5.496918
-0.790323	-0.903982
0.876111	0.201328
-1.866127	-2.932428
4.902466	-22.468988
3.103354	-8.797231
-1.349168	-3.383794
0.645593	0.612874
0.039031	-0.061142
4.485179	-18.854202
3.387630	-9.286091
-4.293707	-18.170241
-0.548808	-1.848961
0.358310	-0.026573
0.032211	0.274558
-1.874197	-5.475379
-2.205085	-6.910348
-1.908879	-3.484947
2.589056	-4.770843
1.774878	-2.551286
1.205882	-1.136716
3.049703	-7.099452
3.967021	-14.262809
-0.435525	0.023940
4.385949	-17.382085
-4.215933	-17.189416
1.237732	-2.340439
-2.747150	-7.676594
0.280056	1.346978
-2.216118	-6.703452
4.000344	-16.268057
0.857070	-2.160394
1.254112	-1.432606
-4.304389	-20.093146
0.439265	0.564727
-4.788358	-24.483460
2.624367	-5.570028
1.297945	-0.497450
4.956579	-22.371388
-3.723326	-13.868857
3.788347	-14.095132
-2.162822	-4.917022
3.942387	-12.114356
2.506825	-6.292822
-3.095807	-10.304823
2.559524	-6.220010
-1.390144	-1.438004
0.874687	0.087032
4.479294	-18.793772
-0.513353	-1.135373
-1.873548	-4.101976
-0.119937	0.440548
-0.037740	-1.673434
0.523132	-0.537772
-0.574591	-0.934936
-0.989349	-1.056863
1.945627	-2.963595
-3.329976	-11.084609
-0.519102	-0.255236
-2.436797	-7.660773
-2.168976	-3.720299
2.643060	-6.649259
1.327271	0.082621
1.400067	-0.669745
-1.363461	-2.828440
-0.700460	-0.502195
1.948597	-2.249382
-0.752628	-0.435268
3.648870	-13.078506
-2.734216	-6.894189
4.405900	-18.206278
0.338021	0.748291
-0.814969	-1.542377
0.681575	-0.602700
3.030825	-7.451122
2.796135	-5.865086
-0.209027	-0.543760
3.642830	-12.639978
0.507762	1.636236
2.166825	-3.047480
4.238892	-16.262278
-1.688117	-3.808891
3.806393	-12.957554
3.055580	-8.594668
1.403715	-2.947074
-4.683610	-21.909435
0.997923	-0.027391
-2.692825	-7.945721
2.038354	-3.910393
-3.942243	-15.821723
-4.641203	-21.741159
-1.222239	-1.744188
4.067564	-14.964513
1.382324	-1.532124
-0.992194	-0.145340
-4.399613	-19.133728
3.419114	-10.058398
3.513369	-12.627660
1.820255	-3.462699
-2.127171	-5.311793
-1.714504	-2.308129
3.927037	-14.011130
0.913775	-3.108700
0.662609	0.958335
-4.469455	-20.035089
-0.199356	0.902777
3.584285	-12.146580
4.076333	-15.026574
3.197746	-8.507009
4.581600	-18.997006
0.669759	-0.778223
4.572667	-18.493375
1.301866	-2.148840
-1.872575	-4.206431
4.788296	-22.814059
4.846563	-23.678034
4.119893	-15.881002
-2.865581	-8.754610
-3.633681	-15.977985
3.614989	-12.143648
4.561129	-20.368573
2.916757	-9.104913
3.250056	-9.921313
-1.664760	-4.228477
-2.724671	-8.613822
0.778039	0.142840
1.962142	-2.221850
1.669913	-2.916823
-2.689658	-7.025530
-4.563448	-22.278736
-0.838692	-1.665395
-3.048772	-9.405891
4.808541	-21.701051
-3.721024	-13.740542
0.880072	0.657789
-3.964024	-18.904898
4.768878	-21.548045
1.467913	-1.020649
-0.231175	0.015437
0.507500	-0.022249
-1.581181	-2.320776
1.508231	-1.580953
4.631916	-20.154456
4.943679	-22.736610
3.961806	-15.656491
2.864409	-8.641428
-1.100593	-0.619995
-1.060179	-2.798270
4.293539	-17.662648
-2.796692	-9.233791
1.072168	-2.614218
-0.282578	0.471505
-4.041259	-18.100145
-3.581635	-13.826970
-3.316614	-11.022406
4.389661	-18.625546
-1.961256	-5.767853
-4.883614	-24.731309
3.555854	-10.241362
3.855094	-15.541330
2.556287	-6.014098
2.940942	-7.632061
-0.758859	0.599455
-4.749133	-23.673912
-1.607392	-3.180387
4.266234	-16.712518
2.159354	-3.561154
0.093235	1.010831
-2.994478	-9.494931
-2.692429	-8.791206
-3.068861	-10.670706
2.380003	-4.680417
2.573892	-7.115047
-3.241249	-12.202211
4.781311	-21.130026
0.813293	1.329337
1.308278	-1.385662
-0.728290	-1.094621
3.463714	-11.864168
-0.110031	0.639351
-0.809367	-0.712517
1.403674	-2.981630
4.972402	-24.133845
1.818265	-3.094177
-1.874373	-3.807682
-2.970147	-10.494250
3.983678	-15.250721
1.214088	-3.242065
-2.801087	-8.625914
-1.402124	-2.692489
-1.190547	-2.029078
-3.735463	-13.986304
-4.468376	-20.725862
1.854770	-2.530606
-4.297048	-21.041008
0.896839	-0.315244
1.562104	-1.637540
1.771328	-3.878092
4.633767	-22.507852
3.501253	-12.558510
1.721981	-2.505919
2.270562	-3.200913
-0.461858	-0.412730
0.289462	-1.529177
2.614537	-4.284164
4.421915	-18.056531
4.122832	-16.944988
-3.244741	-10.312264
-1.766217	-4.535716
1.760086	-2.871061
-1.991530	-6.012056
-1.535862	-2.897883
